00100100000110101110011011011000010000001110110011101001010110111010111010100000010100101011011010100011110011100010001000000011110011000000110011000100111111101101110011001000110110000110000110001111
10010000011000110000011110100101100010001100011011110101101111000101101001001111001111000101110001100000110100010111101101000011101000000110000011100000010101001001110000100111100110001010111101001000
11010110111100010100111110110110100111111010001101100010100010011101111111100111101001011001100101100111011110000100100011111110011000100000001110010101001011010101000001011100100011010110001100110111
10001100101110100110110100110010001000000000000010111000101110100100000011100010101000010101010100000110100101011001001100110001011000001010010101001001011011110111000010010100001000001100011110010100
11001001000010100001110110110010110111100101001010011010101011110011111110111010110010001100001000111100100010010110100100111000110011011010000001111111010001000110111001011100011111101001010110000111
10011101110110011011100011110101111010001011010111011011001000110000010101101010011110010010111101100100001001111000000111101100010010011010110100100111010011001101111011110010001100111111011110110001
00111110100101100111011000011011110000100010111110000001011110001001100011000011000100010000010100100000011100010001010110010010001010001011010100100010101010010110101011000111010010110110100111010000
00101110100100000101010111100111011110100000011010111011110110010101000011011010111100111110111110000101001111110001010011110101110100101111110101101011110000000101111100010000001001010010101100110010
00100111010100100010000011011001111110010011110010001111011110010101100000001101001011010011010000110110001101000110010001000101100001011001011011000100110000111111000001111110110001011100110000001010
00010011111110001000001001100111011111111110011010001001110000110100010001011101001111111100111110100100010100101100101011011110000001111110001011000011011100000011111111111100011010011100100111100110
00000100000011010011010101000001111110100101101001101011010011100100111001100001100010001000011111110100111010011000100111101011010011010011110000010010101110111111010111011110111100010101010000001101
11010110111001010100000110100110001000010011111010000110001110000010010100011100111110111100100000111111111100110011110010000011001010011001100001101100111000101100100101000010111100000111101000111001
10010010010010101010100111100000110100111010110101001010011011011100011101011111001010000011101011000110000111000110110110010010100010110110010100011011110001011010100110011010111000101100100110010001
00101000001111100100100011001000011101110111111001000000011100111110001101010001101110101011001110101011110100101001100100101011011010100011001001101001010101110110010100010000011001100000011101000000
10110000101010101111111000101000101100100001110111001010010101000100110100101110111110000111100010110100010001011111111001001110000100100101010110001101011100110001011010110001011110101011100011111101
00011111110101101000101101011100110000111011110101000011011111001011000001010101011100100111011011011101011101111010111110000000011111001010001100000011110000111010101010000011111011110101001111011111
11011011101000010111101110111111000000111100000101001111000000111000111101101001100101000101010110111100010010001011111101010110100101010000010100110110011110111011100000110100001100001100011100010000
00100010101001011100011101000001101100001110111000110111011010001011101010100111111000111101110100010000000011111100000001101110000000011100110111001101101100001011101010100000000001101000011101011001
11110010001110010001111011101101011101101110100010100010111010110011111010110100101100001111010000111000011011000001110101011010011001100011010111110001100010000010101111100111101011000010010111001000
11011101110111010100101001110111010111111100100001011011000010110010000000110100111010111011111101111011010001111010111101011010101010011010110010001011110111101001011100000110101011011011001001111000
00100110001000000110101111010101101110110001000111101001111010111000001101010101011011000011000111101111101011001000011111001101011101001000100110010001111111011101110101100110001101011111000000101000
10010111100011100100001110000110000110101110010100001000011011101000101110010101000010010110101001100111001101010110111101010001100001001100101010000001100001100101010011000100010100111010010011011100
00100010000000011111100011000010100011010000010110110101001000100001100011011010011110101010000100000011111101100011111100001011101011000011101110001001000101000011000011001010000010100010100111110110
10001001000111100001000010011011111110000000010011010101101011101101010100100000001101010010110101010101011001011010011001000101100011011110001000111000110011111100000010011001000011111000110011100110
10101101001001010110111111000010101011110000011011010100001110110000000101010001001011100101001100010001110111110001100001100110001001001110100010000010001101001101111101011110001101010010101101110100
11101011011001011001101100001110110100001010001011110111011110010000001100011000011001000100011010001110001101001010111111101010100000010001010111101010111010010001010101010101011001101110101100011100
10101001001011111101110011011111011010110011111110110010000100011001000000100111100000100010111111101010101000101101001111100000000111011110000101010101100101011011011011111111110010001101110001001001
00011000000110010101111101100011110000111011101111110000000010011000101010111101000000111000000010011101001011010011100010001000111111101111010011000100001000101011101111101101010111111101010111001010
10101011011111110110100100010010101100000111101001110100101011000110101101101100101110110011100110110100100111001101100100000011000000111100011000111001000000110011011000100101100000111110110111101011
00101111110000011000100000100101011001111110011111000010111101011000110001110000111101000110010010101111110000010110100111111101001000100111100000000100110100111100111100000110100100101111101101111010
10111101101110110110111010011100011010011001000100100101000001011011101100001101101110110001110000101110101100101110101000011001101110101010011001001100101000111100010110110100100001110001010010111100
01100110001001110011010111001110110111111001011111010110010110101000101011100110000111000011100101110110110101110101001011100110100111010111001100101110100111110010110111100101111001001101100110011010
00011101001011101100101001110111000010101101000101011001010111101110000101011011001110101010100111110111000100001110001001101100001110110110101110101001100101101110100010001110010100000000110011011000
00010101100011101001011101111111100001100110010000010001011111010111110111100100010111101001111101111111111111111000000010000110000001000100010111111100000111010101000111001000001001010011111010000101
01100010110011111100110010000001001111101011101010100111010011000100110000000011000100011100110110000110111100010100111010000000010001011100000111100110000010000001111111110000111001101011010101111101
00011111001011011001100100000101111101010000101101111100010011011011100011000101000010111010101000100000000100001001001100110110111001010101100010100111111010000101010001000110000101100100110100001000
11011100000010100110101000001100111101011110000111111101001010010111100100111100111101111011101010101111001100000010010001001011001010111111100101010101100110010000001011011111011000110000011101101011
10000011111010000101111110011110000000010111010100000001010111011110010011000000001111000110110100001111101000011011100000011000000000010100001001110001000001001111010011111011101010010001111001010100
10000111000000011100100101010111010111110010001010010010001111100111000010101011010110011100110101010111000110001011100100001011001110000010101111001100101111100001011111010110110101100010110001101000
01111011111000011011001011000001000001100000010100101010111011001100000110110000111000101011111101010001101101010001000001000101110010111101110001001100010001010101100000100110101011110001000110000001
11000101001000111001000011000010011110001100000000101011100100101110111001101011000100010000011010111110010001010101110100000100111010100101000001000001110001011111110111001000011101000110011110101010
11110100100101111001111010110111011010011001000101001011000100011001000111100011010010000110111100001110001101101110111011011111100000111101111111111011100010010101011101111101000110011111111010011011
11111010110110010111010100010111011000101100001100010001110010100100011011010100110000110111011111010001010011100000011000100000000001110100011000001000110001000110100001111100111110011011100110100101
11000100011010100000001010100111100010100011011001110110110110010000101101011101011000100011000001011010011111000010000010100100111010011010101000000011010000010001100100001010101111011010101001011100
10110101111101110100101111001000000110100100110000101101100000011001000101011101000100111111010110010011110101110101110111111100010100011110011011011000010010001001110011111011100111111111011000001001
01011001011011010001001110100000110001001000101011000111110010010010000110000101011101010111011111001011100110111011100011111001001101001101110010011011000110100010111010110101101111111101110000110010
00110101111100111000100110111000011110010010100000001011111010001011111000001000110000111101100110101011001001101010001001110101000011111100010100001001110100110111011010111001111001110100110111111001
00000110101101010101000111111001010110110010101101011010110001011011100100010110010101010010110011101001001010001101001000000000111011001001001000000110101101111101000011101101101000011111011110010010
10100101111100111000110000001100100000100110100110110011100110111100011001001000110100110011011001010001110111100111101000100000101101111011100010010010101000011100000110011110010111111110001110000100
00011000110101100011100011100111111010010110110000001100001011100110111110110000000011001010011101101101000100001100101001100011111001010111010110000100000011001101010110001011100010100001101011001100
10011001101101011100100101000110010110010001110101000011100011011101100111010110001110111010111110100001010111000110000110111101100000011111011111100101010101000010000110010110110010011110101110011111
10100001110100010001000010100001110101000110100111001011001111110001101011010101111001001101010001100110011110010101100000010110100000101100011000100111101110100001100000001101011000011101100111011000
01001010101101011110011101110110110011111110111100010111111010010100011001111000101111110111100011010001001111111110001010110100111100010001111011001010011110000110111000011110010000111110100011000101
00010111010100011000100001011010100110001111111011011101010111111000101010101000001100111111000111001001000111000010011001001110011011100100001001001011110110100011111100101101011011111100010000111111
00111000100111001011100010011000111100011110000001100011101000101111001011010010001110110001101101110010111011010011001010001101101000001100010111110110101101101110000100010111110110001011000100101001
11010000000011100100001010111110010100110011110001000011101110111010100100001110110001101111010001001011111010000000010011110110111001110000011110100110010011001111101111110100100001000010110011101101
10001110010010000100100011000011001010100100001011001001110101010110101010010011100011000011110001001011100001001111100001011101010010111011100110011001100101000111000101010110000101110010000111000110
00010010111000110101010110110000100111010100101010111110011011101001111101011000110010110010111001111001100110010011010110000101001010011001100100000010011000000111101100111011101011110010010100100011
00001001110100110001001011010000101011111001001110000110101001100111000101011010011001110100101010110000100111111111110111010110010010100000110111001111011001011001110001001000111011100101110111101011
00100011101001110101011100101000110000110110011000011101100001010010010111010101010110011100100010111111001000100010010111010000000001011100000001000111010001100010111100110011101001111001100000101111
00100000000100001011100111001101011000010100101101010011101100100001101111111011001101011110001011011110111000101000111011110001001100000001110101101001001101100100001101001111110101110111111100001010
00100000110010000111100000100011111001111000110100010001101111100110010111101000000000000100110111100111011101100111010000011111111000010100001001010000101111110010000111110110011010010111011110100001
11111010110011101111010010001010011011101000001100010111100011011011100001011001111100011000001101001100011100000100110001100000110101100101101000110110111000111110001110011001111100001010000011100010
10001001001001001010010111111010100111101111100110001101111000000001001000110010011101001001111101011110111110100011010010011011000010111000001001010010001001001000010011010010111010001100001100010001
11010011110000010000010111010101011110010110100100010001101111110010000001010011111100111000111011010100111000000111001110101101000001111000111101001001110010010110101010100001111010011100100001011111
10111111010001111000010001001110111101010010110011010111011110001000110010001101111101100100000110011101101011110010000011001110100011001101011100000000110101000111110001011101011110000100101010010001
01100111001100101000011001110000100011011110010111100010100011101011011001001011011010010000101001100110101011110000101010110001111000110001010010110111100000101010011101010000110010110011011111110010
01101010001000111000001111010101000010100101111001110010100000101000100110001001011000010001011111010011000100110110010100011100011110100001110100000001100010011111110100101011000111101010000101000111
01001111100001000001011100010011100001001001010110101100001001111000000011111010001011011100011010101000011101100110001011111101100101001100100110100011000100110101001010010011100010010011010110100110
10011011100000000101010000000100100111000001001111100010011001000001010101011011101010110001010100111101111111110110011100101111101000011010101110110011010010000000010011111000000100011000000001111001
00010010000011111001010011110100111101110000001001110010000001010110000000010110110101100101111010010111011010100011100100111010111101000100010101010001010110010010010001111111110110011011101010110100
00001100010111101100011010000111011101011111001001110101101111101001100010001101110110000010111001101011111010001111100010101010000001010110010010111001000100100111001001110000010100111010110111011110
00101101110010100010010000111100101101100100011010001000100100010011001100001100010100011010001110001111000101001000100111101100101110110000100000000010111111101001100110000111010110010110111110010001
11010000100110010011001010100001000001110111001110110100011100100000100110001001010111010101101011111110001000111001100100100111010110011000000010011011110100010101010000010101100011000100011110101011
01111101010100000011110000110011111010110011110111110001000110000111101010010010011011111010001000011101011101011100000010011001001000000110101101010110010111101110100111010000011011000000001111001110
10111000000001001111100111100010100001001010100100000011000011000010011110000110001100000011101001010001110101011010000110110010110111011011011010101011101011100011111011111001010110011001011010111110
11100111011000101100001101010001111001100100000110100001101110110011010000011001101111111101111100110100101010011101101000101100111111111001000001010111110111110110101011011110011111000011001101111010
00001001000100001110011100111101110011000010010110111000111100110100101111101001110011110100110010001110101101010100110101100110111110101011010001100110111001101000110100001111010100000111010101111100
01010111101111111010011100001101111111010100000110100001010000010111011011110100000101010001001001000101101101111011011100100010011001110011010000011000001101010010100110111101000011110001010001111000
01111101011000010001101100000110100100111000100100000000000100111110000111110101000001011000010111111100110100001110100110100110111011011100100000001101010111010111111101011100110011000101011000101100
10111100011111100001111011011011111011001000010111110000101001011101100101111111011011101110001110010000010001011011101011001000001110011001000000010000101001001111000010010011001011110110011101011111
10000100100111101101111100101110011000001000110011101001110100000000111000111100001111001101001110110111010011100001100110101110011100001011010110010010000100100010000100000011101101101100001100001111
10100000000110011111110011101001010101111010010011110000010011010001011101010110001110111100000100000110011011001000110110111011011001110110100001000011011100100001010001010000010100010100010111001111
00110000000110010111111000111000101111111110010001111010111001000001110011101000100010000110101000000001010010101110000100110100001110000000000000110100111001100100110111011000111000111110010100100010
11000011000000111010001000111100001101010100111100010101100100100111111111000010001110000001011011101011100010000100010110000101001000001011001111100000101100011011100111011111011010011000100010111101
00001110101000011011001001000000101110100011110100000100010100101011011001100101100110011110001000110101011101001110000110111110010101010110010001010001111011010000011100110001011101110100000111101100
10110000001100001110110110011101011001010100110111111100110111101100000001111111011100110010000010000011000111110101100110010111000101001101011011110010110011000010100101111000101010101101011001001010
00000100010100100000000000100101000010111000111101001011101101011101101101110110011100100001111111011100110000001100100000101010101110110100110011111111110010001010100111110010110101101111011010000000
00100011100110000110100111011011101011110000100011000100011111100111111111010101101110010000111001010001001110011001101100111011000011100010110110110100001110101001001110100111101111001111001001111011
10100000001101111010011010110110100111100110100101111001001001111111100110000111001010111100110011000100101110110010111000001101101011101101111110011100000111000101000100110111100111110111111111111110
11001100011010010000011011100110100111110000110101001010100000100001010110110100101100001000011000100101111000110100010000010101101010011010011101110101010001010100000111001110110000101011111000001010
10110001100100001010101101000101110110001011110010110101001011100100000101001011111000101010101111101001101111010010011110011011001001001011101011011110011100100110111100111100010000011010001010011111
11001001101011101001101001110011000011010001111001110100001100010010001000100110000110100001100100011101111110100011000111100001010011110011111110100000110011100110101110001010010000100011000110001101
00000101000010100101011010011110100111110100100010001001001111010000011011110100111001011100111000000111000111001011010010001010011000111110001001011011101000100101001101000000110110000010011100011101
10001110010010101000100000011001101011000001101100100111001011010000111111010110101101101110100111000101110100110110011101000101000110111011011100011100111001001010000011100000001101011110010010111011
11010011000001100001101011011001000101011101011001100000111000010101110010011010010100111000001001110110101101000001010100100101100000101011110001110110010001101101011110001010000110101011101111011001
00001011101101011101110001111111111111101101111100011010000111100100101101010101000001011000001011011011100001101110111100011101011101111100001100100100110100000100111110011101100110011100110000110110
01100110000101010000011101011110101000101000000001100111100111001000100001111100001100100010101000100001010001010001110101100110000100111111010100000011101101101001010100101110100010011100111100110101
11011111110001011101001101001100000101111001110111001110000101100011110001011111011101100000110010110001110011110100110000010001001100111011100000010011011010001111100001001100010111001010001010110001
01011001110010011000011001011000011001101100111110001001110000100110110111101111110010100001101101001111010011111010110000011101011100101010100001011101110111100110011001101000111001011111110100001101
11000101111101011110010011100100010001000110101001011011111111111101001100111101001001101010000111001110000001001001011111110101110010010110010010011010001100111011000110010110111010010101001000010101
01010101001011111010010010010010010000001000100011000100100011001000000000101110100001101010110011001001111001110011110100010001100011001000011000000011000110100000010000011010111000110100100000111010
01100010100001000100000101110111110010010100010010111001011011110100011110001110100000010010100100110001011101010111111101110000111010000100011010001011111010100100100101000100110000001100011000110000
11101110001101011100011001000010001001111000111001111110001001100010011000010001001011001001110111001011111110000001111010110100011011101000010101100000000001010000100001010111111100101101111001010110
11011101110101111011010101010101010000000111101011000000101001010010010101001011001111001011101001001010110000111111111000010110110110011001101101001100011111010010001000010101000010010010100100101100
10011001110100101110010110010010001101011010011100011011111011110111010110110011111100100010111000000101111001111100101011000011111001100110001001001101010011000001001110001101001011111010010110111111
00111000100011011111011111000000100000110111011100101011011011011010011011100010000010011100111101110110111101010110101111000101001101110100101111101010110111011101010011101100001100111011010111100100
10001110011111101110010110010001011011000100101000010011010001111100011000100100100100000000010001111110011010100000110100110001010000011011111011100101000111001101010000010110000101001110100000001000
10100000000100010011100010000000111001001111000000111010011011100000010010010101101001101010010011000000110111101111001110011111001100001000101001100001011010010101111100101011110010101101011011100110
11010000011001101000101000011111010000111000010010110011111100101011110001101001101110111111100000001011101011011110011010000111011110100001010101011011100101011101100101110101010001100001101100001001
10100101100101101000101001111001110000011101111000101111000100100001010101111100001111010100100011101010110110011011101100010110100111110000100001000100111101001100110010011000000110110010011001001001
10001000101100101101001001010100011100101110001010101101001001111111101011110000110010110101010001110111011001000110001000011000011110000011001110110110110111001111111101011101001010111110011110011110
10111110101011100011100110100001011011101101110010110000010000111111101000110101100011000101100111001111101001011010100100001111011000101101001010001101100101110001010100111111000100101100011111011110
11001001100100111100111001010000110011111001101110101010000010000000011011100110111010101000110010101001110000000001011001011010000100101110010101100110110110110111001110110110011001000011000111001011
01011011110100001011111110100010010001100100001001100110011010000111011011110000010001000000111100010000110110111000000111101110011101101110111000010010100011100111100011010101101100101000101001001100
11101001101011001000100110101000100101011000001111000111011100110110000100111000001100010100111000101000010011010011000100101011001010011011000011000100100000010100111110001000110101001001111100101011
01110101111001111111100010000010100011110011111000000101111101011101001111011000110101010000101001010000010101101110010010010000001111001101010111110101001110100011110100000111101110101000001100010100
01110001000111110100111101101101101111011010111100000000110000111110000100001000011111011110111101010110000111010000011100100111110110101000001010011100101010001010111100010010011001000101000100100110
00000111000001001110110101100011001001100010100111001000001101101110101001110000000100111010000001101011000101110000001010011100111100110000111101100000011000111111000000111011011101010011011001001100
00010000100101111011100001010000000001110011010010000001000110001101001001111000100011100001100100110100111010010010011101100110111111101100001100100011011010111110100101010101100100011001101101011001
11010110010010001001111111010011000001001100010000000111001110111000001111010000110011100010011100100010100111111010010111111111100011011000111111111111000101111101011010001100001100111011110010011100
10110000110111100110100111000111111100010110110010111010101000001000000101111000111100100100001001111100000010111011101110110000010110001110000001001000011101110000111100111100010010100101100111100111
11101101111011011100101000010101111111100010101100101011111101010011000000001010101010100001100010101001000010111110000100010001101101000000110010011111001000011110000001010000000111001101111111011001
01010001011100000001110011011110101001111010110110100100100010001100001000100011000001110000111110110001000010100100110001000101000000111001011111111001010111011100001100100010010101010111100000010100
10110001111111010111000011100010110010001001100101111000110001111000011000000011001111011011010111101100001011100001101101010010000000001100001001010101001111110111011001010000111011010111101101010001
10001001110001110001100100110001101001110011001000110010111001110000110011011000010010000110010110111000001100000000001101110101100001100101000000100000010110011111001011011100011111111101101001100101
11001100111110010001001101111110101101101001000101001011101001110010100001101000010101010000100101001011110011101111001011110111001111110011111010001011001110101000010110101111101000010101111000100111
01011100101001001101110001000010011011000100101111000000111001000011110110010101000000001000010111111111101010011010001011001101000011001001111011110111000110111000001010010111001100100001011101100001
00110000110010000101100010010011011001010110110011101010001001101001100010100100010111110101110101100111101101110100010000101000110001011010100001111101011110100000001101011010110100110111100010101011
10110111011100110100001110110000101110011011101011010000010010101101010100000100111110100011100001100110100001111111011001101100101110100000101000111111011001011110000010011000111010100010100110001011